v 1.6666666 5.552925 7.5426464
v 3.3333333 2.6661737 7.5426464
v 1.6664362 3.6282907 10.26449
v 3.3335638 4.5908065 12.987463
v 8.333564 3.6282907 10.26449
v 6.6666665 2.6661737 7.5426464
v 6.666436 4.5908065 12.987463
v 5 9.402193 10.26449
v 6.6666665 8.439676 7.5426464
v 3.3333333 8.439676 7.5426464
v 8.333333 5.552925 7.5426464
v 5 7.477159 12.987463
f 1 2 3
f 4 3 5
f 5 3 2
f 5 2 6
f 5 7 4
f 8 9 10
f 6 2 11
f 11 2 1
f 11 1 9
f 9 1 10
f 6 11 5
f 11 9 5
f 5 9 8
f 5 8 7
f 7 8 12
f 1 3 10
f 10 3 8
f 8 3 4
f 8 4 12
f 12 4 7